269605791768912794307372308020596103860 10000
15947921601017031597806036123361970184 10001
181236816997804867437878459330674452458 10002
195292520727891836057201673340871681098 10003
265103179673223564365979858006818683621 10004
253314678908673967804947464798258421176 10005
295775933206074216491403233108268869302 10006
109988570602406909885895740636038865475 10007
253565960726726721521372836282641764617 10008
32812248528126350900072321242296281633 10009
151139070069507281195369421652530759491 10010
50873835222769002100903094329073022657 10011
49357602652617014986673980842443080803 10012
215800167278770916585754824857921079951 10013
301796799166034677461879304260645305893 10014
115112463974881698284009680658669719797 10015
280342015037667537576422800601890651427 10016
191412382667503893980400291342687056504 10017
338445522144418960493987236836790229406 10018
66842476609070004433548816940055896946 10019
328726123234134068958867786881268912942 10020
241514536430902048564069969363613942882 10021
194393577999364214537739042714731831329 10022
226809949630391260097073324706116479396 10023
152596362725986685195324997422223221418 10024
323686072324272624798141024135263302345 10025
189450003004244319526833062578649818355 10026
33312390185014241216783189948874315741 10027
77094144871566138979181972453403807299 10028
35097007303395559417551746582996789168 10029
136728388020439452412379116437513910347 10030
57752294117521248228800967348214067792 10031
97026625315914547769820703741794586011 10032
131493372583780166247562202748224384815 10033
187307394618782073997525367003932304868 10034
95253579743468134934282590166552239674 10035
236560648443665793536691547493186136475 10036
314703324398170670858468904531843078842 10037
129045252053217970680950282895574545439 10038
32957069254627043856477016593504388705 10039
190393496229406434451356520969120679328 10040
71771592256935598334557615027772517108 10041
22080743231899367655104058013126534463 10042
300389336034218575510321551382488077743 10043
181731747203398762646645390151973795858 10044
62372705950113466386714939837713442516 10045
251907135731255569278659481249447154739 10046
112321060375443581924428605005240795995 10047
47715695361050858984130499876665612659 10048
103207603156581717953065431890742623475 10049
13907838713312942872698664097722433773 10050
89786615630437177598024417567396044394 10051
43834271107226572925264500283031282328 10052
31664403461774337662407594390579063637 10053
150038431515595998654986311117327944677 10054
53982357677384465030683001814301785497 10055
322061925057323626993048380898080426254 10056
158159123174333461480573795800908401164 10057
302285357995741454086405488650392214523 10058
230936192451036450659685366816881669277 10059
49320778137011551342709585872705505725 10060
32304393717615908546283627871201712826 10061
246624138630728673470246190525346231565 10062
125841709427046188690754771968358324287 10063
236406147268276076570698499017912462862 10064
12868873054345086708213603039476595245 10065
3524543680500494327842345980185205805 10066
33369913317505212148342716018946368202 10067
241620802767451168119377244450576586345 10068
244495945846226403735073399708391458785 10069
149716051772126154614620279979406883144 10070
86214528631190616790539021735632181928 10071
185345998153663616511778723123879644787 10072
34911702016625159557446562616937207674 10073
311268025134629544925212768990964005041 10074
319884500162664290931972401042710212327 10075
298025684055031689936840047278129112048 10076
319469389202389116466026037402892374616 10077
194805081075825181215780841217202285113 10078
32825060480939840304416321188546184725 10079
132256162906089253354356212613316428164 10080
40771201832427411540573360237068901408 10081
68083013303488208822240062820482785427 10082
258464645704002341436982563684602374640 10083
302859779669803757973717333711609202571 10084
47923113029216016752096398077791920628 10085
218939321017700166938152652783267142096 10086
192179316243424787671140919929587694340 10087
159017200519907124136605488614030942339 10088
155286678232431830619777891103322382761 10089
77935195529078457393848827921999972560 10090
174890652759431653269259166849711667671 10091
317933409886391899811250234938017602190 10092
109841262312242401191873316460752980839 10093
156491331332013778582324425683514394121 10094
313474487475746683083740000439045900146 10095
6849667277287250616546377163844883380 10096
40618672743009670721718918336459990069 10097
237879394470340720792917400891883183543 10098
2632163086015756094940243123419199917 10099

293268701940054034179163628332357508988 20000